/*
**	pi:		pi
**
*/
module
export pi;
pi = 3.1415926535897932384626434
end
